# This file may be used to create an environment using:
# $ conda create --name <env> --file <this file>
# platform: win-64
# created-by: conda 26.1.0
altgraph=0.17.5=pyhd8ed1ab_0
bzip2=1.0.8=h2bbff1b_6
ca-certificates=2026.2.25=h4c7d964_0
future=1.0.0=pyhd8ed1ab_2
importlib-metadata=8.7.0=pyhe01879c_1
libexpat=2.7.4=hd7fb8db_0
libffi=3.4.4=hd77b12b_1
libmpdec=4.0.0=h827c3e9_0
libzlib=1.3.1=h02ab6af_0
lz4-c=1.9.4=h2bbff1b_1
openssl=3.6.1=hf411b9b_1
packaging=25.0=py314haa95532_1
pefile=2023.2.7=pyhd8ed1ab_0
pip=26.0.1=pyhc872135_0
prompt-toolkit=3.0.52=py314haa95532_1
prompt_toolkit=3.0.52=hd3eb1b0_1
pyinstaller=6.19.0=py314h05bb05a_1
pyinstaller-hooks-contrib=2026.1=pyhd8ed1ab_0
python=3.14.2=h3bc0a5a_101_cp314
python_abi=3.14=2_cp314
pywin32=311=py314h8f8f202_1
pywin32-ctypes=0.2.3=py314h86ab7b2_3
questionary=2.1.1=pyhd8ed1ab_0
setuptools=80.10.2=py314haa95532_0
sqlite=3.51.1=hda9a48d_0
tk=8.6.15=hf199647_0
tomli-w=1.2.0=pyhd8ed1ab_0
tzdata=2025c=he532380_0
ucrt=10.0.22621.0=haa95532_0
vc=14.3=h2df5915_10
vc14_runtime=14.44.35208=h4927774_10
vs2015_runtime=14.44.35208=ha6b5a95_10
wcwidth=0.2.14=py314haa95532_0
wheel=0.46.3=py314haa95532_0
xz=5.6.4=h4754444_1
zipp=3.23.0=pyhcf101f3_1
zlib=1.3.1=h02ab6af_0
zstd=1.5.7=h56299aa_0
